0.16
0.36
1.06
2.64
6.46
9.14
12.38
16.42
17.58
20.52
22.86
26.52
27.64
29.76
32.66
33.8
38.52
41.04
39.6
40.58
43.7
44.88
45.7
48.6
52.24
55.18
52.24
54.56
54.14
50.84
54.08
61.4
58.08
57.46
64.46
57.36
61.42
60.02
59.98
60.06
68.1
64.04
71.54
66.92
65.62
69.22
68.78
62.34
74.84
72.34
75.78
67.74
76.48
73.72
76.94
76.52
74.66
75.62
75.5
78.46
74.9
82.44
79.08
83.1
75.82
80.54
78.12
81.04
82.4
82.14
78.1
85.5
74.94
80.52
86.3
80.18
85.62
82.5
83.62
85.56
83.76
82.54
81.0
84.42
83.26
87.66
85.86
84.44
83.22
82.38
89.14
85.1
87.06
88.34
89.88
90.38
84.04
87.94
87.88
90.0
89.88
88.44
92.42
88.0
89.68
88.22
89.62
87.58
87.78
88.2
90.54
92.48
89.74
91.94
90.82
91.16
90.76
91.44
89.6
90.62
91.14
91.38
91.06
91.2
92.18
87.76
92.1
92.2
91.16
90.94
94.24
92.52
93.34
94.2
94.1
93.42
91.98
93.78
91.36
94.1
92.58
93.54
94.64
91.38
92.34
93.38
93.28
93.38
93.7
94.88
94.38
94.84
93.08
94.62
92.22
95.26
93.46
91.82
95.16
94.42
94.82
92.92
94.02
92.42
93.2
92.86
94.52
95.2
94.58
94.54
94.42
95.0
95.82
95.58
96.4
95.64
95.84
95.52
95.04
96.0
95.42
96.36
96.3
95.12
95.8
96.24
96.0
95.66
93.66
96.04
96.44
95.26
97.12
96.7
95.4
95.94
95.16
95.94
95.2
95.62
