0.14
0.296
0.5
1.0
1.364
2.076
2.972
3.78
4.836
6.148
7.444
8.5
10.192
10.708
12.3
12.52
14.496
15.028
16.584
17.468
18.792
19.524
20.744
21.888
21.748
22.304
24.096
25.632
24.916
26.6
25.932
25.916
27.972
29.636
29.776
31.304
31.06
30.48
29.528
34.8
30.984
34.896
34.632
35.832
34.716
34.252
37.232
36.692
36.684
38.376
38.756
38.308
39.924
39.66
40.832
34.676
39.844
39.564
38.696
40.168
41.732
40.64
44.632
42.04
41.116
41.608
44.088
43.3
42.832
45.824
45.868
44.844
45.12
45.84
46.824
44.2
44.304
46.188
46.768
48.176
44.144
47.672
46.456
44.352
47.648
48.404
48.164
49.596
51.072
49.76
48.084
47.36
51.436
53.132
49.752
51.908
54.928
51.812
51.348
49.004
51.9
48.5
51.572
50.844
52.536
52.7
52.508
52.512
52.436
54.744
55.172
51.696
54.736
54.032
52.852
51.828
54.176
52.832
50.692
53.4
54.392
56.176
54.472
57.164
56.176
55.784
55.304
56.772
55.052
56.88
57.324
57.38
56.092
55.712
56.356
56.892
58.016
57.908
53.804
56.304
58.256
55.46
62.568
56.6
59.116
58.072
56.52
57.756
58.9
55.456
58.696
61.3
61.556
56.692
61.668
60.328
57.472
57.528
57.616
57.38
60.992
59.616
62.8
59.364
59.032
62.152
59.588
61.62
58.408
60.24
61.332
60.62
61.916
60.152
60.108
61.188
63.42
63.516
61.512
64.128
62.616
63.596
60.56
60.44
64.736
60.556
62.508
62.336
65.668
62.012
62.424
63.3
63.624
62.188
63.524
60.76
60.56
63.228
64.6
64.704
