0.152
0.34
0.58
0.82
1.288
2.252
2.896
4.188
5.648
6.932
7.908
9.688
10.424
12.468
14.244
14.884
16.58
18.596
19.976
20.552
21.752
22.992
23.472
24.796
26.7
27.168
28.216
28.268
30.068
31.696
32.176
33.304
33.168
34.36
34.804
35.704
36.024
37.072
37.904
38.584
39.612
39.404
40.912
41.72
41.048
41.628
42.18
43.636
44.648
45.6
44.048
45.12
47.244
47.288
47.232
46.384
47.748
49.196
50.392
50.224
51.028
51.14
51.004
50.772
52.72
52.856
52.864
53.136
52.272
53.892
53.832
54.452
55.528
55.568
55.552
56.208
56.612
55.452
56.48
57.316
57.692
57.62
58.72
57.612
59.32
59.24
59.116
58.936
60.776
59.804
59.808
59.784
60.208
61.576
61.528
62.92
60.948
61.76
60.964
63.292
64.292
63.896
63.828
63.68
64.652
64.74
63.436
64.944
65.372
65.816
64.452
64.704
64.172
65.22
66.096
65.732
65.836
65.824
65.66
67.664
64.892
67.484
67.392
67.6
67.496
68.504
67.876
69.58
66.828
70.148
68.348
68.148
68.224
70.112
68.372
70.688
69.476
70.48
70.32
69.632
70.564
70.296
69.648
70.964
71.276
69.476
71.6
71.364
71.1
72.064
70.968
71.508
71.36
73.78
71.404
72.788
72.276
73.656
71.956
73.544
74.164
73.232
74.036
74.148
74.12
73.0
73.776
75.612
74.308
73.428
74.792
74.1
73.872
74.648
73.6
74.952
74.444
74.52
73.708
74.608
75.076
75.416
74.368
75.808
75.48
75.452
74.58
75.372
75.232
74.228
77.036
74.38
76.192
75.908
76.008
76.388
75.932
76.316
76.612
76.384
