0.156
0.304
0.544
0.936
1.764
2.976
4.768
6.148
7.656
10.036
12.1
13.912
16.668
17.412
20.456
21.428
24.372
26.04
28.612
29.86
32.372
31.296
34.184
34.552
36.6
38.708
39.432
40.532
43.316
42.896
44.592
46.408
46.728
49.484
50.908
50.556
49.544
51.884
51.112
54.376
53.84
56.828
56.9
58.3
57.988
58.616
59.704
60.204
60.052
61.216
62.872
62.268
63.16
61.864
62.4
63.328
65.844
65.2
64.628
67.428
67.328
66.836
68.568
68.16
70.164
69.212
69.592
70.08
69.876
70.448
69.724
71.116
72.336
71.86
72.344
71.724
71.732
74.416
74.604
73.752
74.996
74.964
72.772
75.416
75.304
73.644
75.052
76.672
76.068
77.352
76.284
76.128
77.308
76.128
77.612
78.272
77.652
76.668
78.956
77.956
78.744
78.704
79.244
79.312
79.536
79.036
77.532
80.2
78.704
78.824
80.556
80.2
80.704
81.06
80.708
80.552
80.924
81.848
81.184
81.54
81.044
82.224
81.476
81.004
82.056
80.752
81.676
82.476
82.324
82.956
82.684
83.344
81.712
83.704
83.056
84.132
84.1
83.092
84.04
82.208
83.528
82.272
84.2
83.892
84.58
84.036
83.66
84.324
84.7
84.376
84.948
84.216
84.04
84.228
85.164
85.092
83.476
85.16
84.38
85.048
84.564
83.968
84.98
85.38
85.088
85.572
84.768
86.424
86.096
85.868
85.36
84.936
85.772
86.376
86.384
85.76
86.132
86.216
86.252
86.232
86.304
86.212
86.752
86.932
85.448
85.756
86.936
86.864
85.608
86.788
86.868
86.196
86.996
86.952
86.476
87.236
86.592
87.324
87.264
86.752
