0.12
0.28
0.524
1.052
1.536
2.508
3.852
5.24
6.808
8.504
10.216
11.792
12.968
14.028
16.604
17.624
18.668
20.028
21.856
23.124
24.816
25.252
26.552
28.228
28.424
30.14
31.856
31.792
32.116
34.356
34.244
35.264
36.664
37.908
38.656
39.156
39.884
39.008
39.392
41.912
42.216
43.54
43.272
43.264
44.916
45.848
45.772
45.316
46.456
48.88
48.328
49.256
49.876
49.328
50.244
50.104
51.072
49.596
52.796
51.684
53.064
54.004
53.584
54.216
53.336
55.456
53.336
54.556
56.136
56.012
55.964
56.98
57.248
58.144
57.416
59.648
58.772
59.868
59.14
60.304
60.684
59.184
61.404
60.24
61.308
60.976
62.44
60.996
63.124
62.08
63.492
63.144
63.292
63.324
64.096
64.708
63.232
63.988
64.268
65.648
65.596
66.808
66.38
65.736
67.276
66.284
66.828
67.064
66.22
66.416
68.084
67.664
68.88
68.772
67.744
67.548
68.404
67.076
68.908
70.228
70.54
69.184
68.836
70.448
69.416
70.008
72.088
69.808
70.52
70.744
70.78
69.88
71.812
72.528
70.932
71.684
71.936
72.652
72.588
72.504
72.196
72.412
73.028
73.212
72.916
73.728
71.508
72.104
73.26
74.456
74.148
72.712
73.94
75.328
73.16
74.432
73.984
74.152
74.876
75.1
75.084
74.704
74.388
75.188
75.872
76.468
76.196
75.28
76.668
75.108
75.388
75.84
76.448
75.48
76.212
76.492
75.268
76.86
75.18
75.628
77.296
75.656
76.344
75.548
74.624
77.412
76.192
76.48
76.84
76.44
76.964
77.516
76.864
77.46
77.548
77.892
77.584
77.792
77.42
77.532
