0.2
0.42
0.72
2.62
5.92
8.2
12.22
17.06
18.44
21.38
23.7
28.04
28.42
30.08
34.32
34.44
38.92
42.12
40.38
40.82
45.48
46.12
47.38
47.98
53.96
56.14
53.02
54.9
53.72
53.3
55.56
61.48
59.0
57.24
64.08
58.48
62.68
62.82
61.6
60.26
67.6
62.94
73.04
68.7
67.38
71.3
70.22
64.72
74.38
74.52
74.98
70.68
76.4
73.6
77.6
77.38
75.36
77.52
78.08
77.82
76.82
82.54
80.38
82.72
76.0
81.06
79.62
81.32
82.2
82.16
78.1
85.26
75.24
80.32
86.62
81.86
86.5
81.5
84.56
85.6
84.18
81.98
82.76
85.8
82.46
88.32
85.64
84.84
83.3
82.68
89.36
86.2
87.76
88.88
90.1
90.28
84.88
88.52
88.2
89.96
90.14
88.8
93.04
89.54
89.28
88.5
90.22
88.54
87.92
88.8
90.52
92.3
90.56
91.68
89.8
91.16
90.76
92.44
89.04
90.66
91.54
91.4
91.22
91.9
92.1
87.34
93.08
93.1
91.34
90.84
94.48
92.94
93.6
94.68
94.42
93.88
91.86
94.14
91.64
94.38
92.86
93.6
95.12
92.16
93.06
93.46
92.72
94.06
94.22
94.82
94.46
95.12
93.0
95.02
92.8
95.32
93.72
91.44
95.68
94.56
94.94
93.24
94.32
93.32
92.84
93.64
95.44
95.38
95.1
94.82
94.9
94.82
96.1
95.54
96.46
95.84
95.74
95.44
95.34
96.32
95.82
96.38
96.28
95.42
95.9
96.44
96.16
94.98
93.44
96.2
96.64
95.34
97.1
97.06
96.06
96.34
95.0
96.0
95.22
95.52
