0.58
4.136
7.36
10.348
13.104
16.248
20.336
27.156
30.728
34.02
37.164
41.436
37.552
41.096
50.052
50.404
53.46
56.116
61.816
60.68
62.804
56.108
61.748
68.136
67.604
70.3
68.684
70.868
64.188
69.688
69.568
76.028
74.568
77.452
75.096
73.848
81.948
79.404
78.984
78.348
84.952
81.448
85.536
84.912
81.82
87.0
84.276
82.924
86.176
88.592
87.988
87.52
87.772
87.128
88.7
88.944
87.82
89.384
90.712
89.6
88.668
90.636
91.064
91.2
87.976
91.552
91.272
89.52
89.744
91.12
89.572
92.284
86.644
92.272
94.816
91.352
93.14
92.424
92.296
92.304
93.992
92.016
94.644
94.256
88.908
93.728
94.432
92.636
90.348
91.508
94.176
95.248
93.652
93.624
94.336
95.476
94.264
95.308
94.116
95.6
95.972
95.064
97.456
95.376
95.88
96.3
96.552
96.328
95.116
95.968
97.304
97.412
96.376
96.132
97.588
97.236
96.788
96.996
97.904
96.172
97.048
97.636
98.056
97.044
97.788
96.608
97.752
98.14
97.292
97.068
98.332
96.896
97.98
98.096
97.808
98.268
98.044
97.436
97.916
97.676
98.004
98.268
98.3
97.72
96.968
98.196
97.784
97.956
98.428
98.392
98.06
98.724
97.908
98.204
97.936
98.676
98.368
97.356
98.124
97.768
98.424
97.328
98.04
98.276
97.116
97.884
98.704
98.628
98.292
98.224
98.432
98.568
98.872
98.572
98.628
98.152
98.392
98.496
98.66
98.732
98.652
98.64
98.284
98.684
98.736
99.024
98.944
98.752
97.648
98.624
98.464
98.784
98.808
98.968
98.648
98.408
98.592
98.716
98.124
98.364
