0.2
0.204
0.576
1.308
2.66
4.672
7.288
9.808
13.7
16.14
20.04
22.156
23.604
26.136
30.956
27.692
31.76
33.1
37.88
33.888
37.584
39.044
39.616
35.028
44.0
45.972
46.068
48.144
46.544
47.212
45.432
46.496
49.476
48.984
49.764
55.928
47.852
54.444
51.324
51.052
52.804
49.24
55.464
53.58
54.012
54.808
56.508
53.752
53.088
45.052
58.404
56.356
56.488
58.928
60.112
60.472
60.388
62.46
57.548
61.096
58.012
66.512
62.736
63.024
67.808
66.648
64.868
63.492
69.468
66.04
65.892
70.256
65.468
59.68
63.004
67.324
60.676
67.92
69.496
65.936
68.548
70.436
66.944
71.704
70.448
65.404
68.224
70.52
71.164
69.764
72.38
65.532
69.492
69.768
67.976
70.872
70.856
74.056
73.236
73.884
73.696
71.716
70.964
74.276
74.244
76.048
74.104
74.908
70.832
68.62
69.396
74.04
76.396
77.204
74.808
73.652
75.64
77.0
80.104
74.752
76.0
73.824
72.476
72.54
70.3
77.4
79.948
76.404
77.2
74.76
76.6
81.576
76.488
80.016
75.248
81.276
81.212
75.016
74.956
75.668
75.572
78.808
77.456
78.66
76.348
77.756
81.4
78.264
79.644
77.076
78.092
78.676
79.56
81.744
83.048
82.248
82.884
80.192
77.848
82.74
75.988
83.976
81.512
76.652
82.58
84.256
81.744
78.54
80.836
78.904
84.096
81.34
82.52
78.968
82.692
79.052
83.612
81.788
83.228
78.536
82.272
78.688
81.392
84.076
83.72
82.012
84.06
84.448
84.572
82.228
80.484
84.008
85.288
81.176
82.944
86.784
83.976
80.516
83.312
82.92
